C0001,1559,3988,4346,9893
C0002,2998,8309,7631,18938
C0003,1283,3345,3550,8178
C0004,1262,4134,2528,7924
C0005,994,2830,2740,6564
C0008,976,2669,2615,6260
C0009,1803,4557,4926,11286
C0010,3124,9967,6429,19520
C0013,4656,13498,8524,26678
C0014,2534,7109,5247,14890
C0017,5157,13232,15057,33446
C0018,2889,9221,6402,18512
C0019,5841,17582,13265,36688
C0020,1749,4766,4853,11368
C0021,1427,3792,3898,9117
C0022,2018,5731,5148,12897
C0024,2960,9112,4415,16487
C0025,1486,4120,3871,9477
C0026,4127,12995,8880,26002
C0028,2527,6969,6966,16462
C0029,2607,7473,6546,16626
C0030,3767,12495,7934,24196
C0031,3424,9223,9139,21786
C0032,1499,4810,3395,9704
C0033,2182,3743,8039,13964
C0035,3561,10202,8799,22562
C0036,4360,13241,9801,27402
C0037,4167,12555,9570,26292
C0038,3588,9712,9616,22916
C0039,3266,10970,6281,20517
C0040,3480,10245,8680,22405
C0041,4588,12488,11934,29010
C0045,4671,16304,8496,29471
C0046,2190,5997,5520,13707
C0048,2244,6136,6156,14536
C0050,3787,11532,8153,23472
C0051,5477,18995,9910,34382
C0052,1572,5059,3336,9967
C0053,2791,10026,4429,17246
C0054,940,2712,2310,5962
C0055,2741,6868,7762,17371
C0056,3140,8375,8829,20344
C0057,2736,7236,7607,17579
C0058,4660,15950,8988,29598
C0059,4046,12895,8010,24951
C0060,2762,8422,5980,17164
C0062,2954,9038,3592,15584
C0063,4847,15963,8486,29296
C0064,3465,9667,7472,20604
C0065,3155,6483,10479,20117
C0066,9108,16765,31451,57324
C0067,3721,9904,10036,23661
C0068,4793,13959,9186,27938
C0069,5604,12795,15645,34044
C0070,2683,7874,6566,17123
C0071,1651,5164,3299,10114
C0072,2683,4070,9402,16155
C0073,1727,5248,3812,10787
C0074,11159,36427,21920,69506
C0075,4361,14392,8323,27076
C0076,2265,6516,5336,14117
C0079,2692,8151,6080,16923
C0080,3257,9719,7717,20693
C0082,3543,9100,10416,23059
C0084,4633,13081,11651,29365
C0086,4220,12318,8237,24775
C0087,4310,12580,10575,27465
C0088,2222,6966,4116,13304
C0090,3042,9820,3955,16817
C0091,3000,8845,7346,19191
C0092,3932,10710,10258,24900
C0093,2999,8853,7302,19154
C0094,2185,6541,5194,13920
C0095,3294,8160,9347,20801
C0098,5560,12775,15804,34139
C0099,2993,7812,6807,17612
C0100,3061,9369,7251,19681
C0101,5503,19354,9291,34148
C0102,6748,24896,10032,41676
C0103,4045,11110,10609,25764
C0104,3390,8480,8228,20098
C0105,3795,8153,10395,22343
C0106,3565,12173,6547,22285
C0107,2413,8085,4814,15312
C0108,4492,13952,9644,28088
C0109,5475,11797,16224,33496
C0110,7034,19773,17522,44329
C0111,3180,8516,8181,19877
C0113,4425,11566,12048,28039
C0114,2401,6827,5945,15173
C0115,4025,14957,4393,23375
C0116,3264,9380,8078,20722
C0117,3068,8520,8228,19816
C0118,5377,14646,12063,32086
C0119,1313,3208,3347,7868
C0120,3558,9715,9562,22835
C0121,3597,10270,9094,22961
C0123,3544,10345,8376,22265
C0124,4778,14643,10988,30409
C0125,5833,18832,12117,36782
C0128,3446,11333,6763,21542
C0132,2388,6952,5376,14716
C0135,3810,9392,11200,24402
C0136,2674,7253,6884,16811
C0137,2264,6137,5082,13483
C0142,3769,10364,8226,22359
C0143,2691,6908,7701,17300
C0144,6361,18551,15435,40347
C0145,5354,15538,11476,32368
C0146,7599,22995,16965,47559
C0147,2459,6462,5967,14888
C0148,5189,15268,12529,32986
C0149,1970,5549,4026,11545
C0151,5953,16871,14716,37540
C0152,8953,31826,14242,55021
C0153,3410,6950,11022,21382
C0154,5146,15245,11971,32362
C0155,4223,12703,8418,25344
C0156,2719,10203,3148,16070
C0159,6698,18584,12614,37896
C0160,3847,9706,11358,24911
C0161,4695,12887,12246,29828
C0163,5312,16002,12929,34243
C0164,3235,8801,8411,20447
C0165,2910,8776,6908,18594
C0166,3979,9839,11714,25532
C0168,1095,3577,2232,6904
C0169,3270,10052,7470,20792
C0170,1926,5257,5185,12368
C0172,4337,12455,10337,27129
C0174,4787,12258,12986,30031
C0177,10353,35167,19998,65518
C0179,3144,9498,7401,20043
C0180,4077,11078,10745,25900
C0182,5403,15502,13733,34638
C0183,3650,10337,9247,23234
C0184,3389,7939,9419,20747
C0185,1815,3778,5652,11245
C0202,887,1960,2332,5179
C0203,1623,4133,4709,10465
C0205,3000,6903,9514,19417
C0207,2791,9110,6211,18112
C0209,2857,7074,8288,18219
C0210,5318,13423,15239,33980
C0212,1108,2370,3574,7052
C0215,1233,2941,3078,7252
C0216,1298,3501,2667,7466
C0217,3581,7137,12843,23561
C0218,2729,7592,7085,17406
C0220,1941,5545,4596,12082
C0221,2245,7528,4528,14301
C0222,4724,12223,13113,30060
C0223,4547,11905,12213,28665
C0224,4805,12555,13417,30777
C0225,2806,6488,8663,17957
C0226,4669,18427,6081,29177
C0227,3317,11220,6519,21056
C0231,2812,6596,8737,18145
C0232,1887,4038,6102,12027
C0233,1913,5236,4780,11929
C0243,1608,4778,3882,10268
C0245,3952,10216,10468,24636
C0246,3549,10964,7065,21578
C0247,2833,7909,6536,17278
C0248,3135,10202,6273,19610
C0249,2941,6847,9121,18909
C0252,3009,8193,7595,18797
C0253,6086,15837,16711,38634
C0267,1943,4148,6534,12625
C0269,807,1729,2689,5225
C0270,856,2390,1896,5142
C0271,2009,4441,6064,12514
C0272,805,1760,2524,5089
C0273,2394,5864,7239,15497
C0274,1236,2495,4288,8019
C0275,1172,1840,4265,7277
C0276,872,1335,3478,5685
C0277,3843,10402,9958,24203
C0278,1301,2529,4468,8298
C0279,2676,7881,6414,16971
C0280,1431,3197,4163,8791
C0281,885,2384,1875,5144
C0284,998,2638,2657,6293
C0286,838,1951,2604,5393
C0287,1602,5627,2644,9873
C0288,1368,3258,4174,8800
C0292,1773,4701,4799,11273
C0294,2048,5079,5792,12919
C0296,2900,6558,9113,18571
C0305,1388,3722,3062,8172
C0306,4097,13063,8639,25799
C0308,864,2873,1746,5483
C0310,3777,11434,9141,24352
C0311,2114,3558,8244,13916
C0319,5961,18279,12998,37238
C0320,1840,6171,3305,11316
C0321,2842,9668,5342,17852
C0322,4968,15235,11916,32119
C0323,2841,8568,6016,17425
C0325,5532,14284,15554,35370
C0326,1959,2521,8045,12525
C0327,3386,11602,6003,20991
C0328,1233,4379,2193,7805
C0329,1607,5499,2783,9889
C0330,2003,7576,2717,12296
C0331,1493,5448,2380,9321
C0332,1629,6556,1793,9978
C0333,1789,4229,5173,11191
C0334,1447,6454,781,8682
C0335,3428,12492,5176,21096
C0336,1572,5958,2035,9565
C0337,2182,7171,3925,13278
C0338,3418,11071,6560,21049
C0339,2954,9779,5414,18147
C0340,3505,11205,6735,21445
C0341,3117,10518,5163,18798
C0342,4254,14805,7288,26347
C0343,1259,5077,1269,7605
C0344,1595,7068,1188,9851
C0345,2065,7906,2741,12712
C0346,4512,14306,8891,27709
C0347,2194,7393,4020,13607
C0348,1345,4819,2041,8205
C0349,3715,11700,7504,22919
C0356,4014,11693,9713,25420
C0357,5794,18932,11661,36387
C0358,4256,12596,10320,27172
C0359,10074,31993,18359,60426
C0361,2922,6903,8987,18812
C0362,4941,14183,11007,30131
C0365,1471,3983,3760,9214
C0367,2820,7210,8249,18279
C0368,3133,8634,8330,20097
C0370,7051,19560,18382,44993
C0371,2165,6402,5436,14003
C0372,5598,13554,15218,34370
C0373,9230,27077,22219,58526
C0374,2915,8199,7466,18580
C0377,1734,3224,5169,10127
C0379,4324,12667,10561,27552
C0404,2967,4598,11572,19137
C0405,2012,5758,5032,12802
C0407,2499,7868,4699,15066
C0408,1675,4827,3318,9820
C0412,3566,10759,8302,22627
C0414,1911,5362,3792,11065
C0415,5321,15528,12709,33558
C0417,2063,5595,5718,13376
C0420,2958,8891,5264,17113
C0421,2138,5741,5905,13784
C0422,7130,19827,17888,44845
C0424,2562,6307,7719,16588
C0426,1940,6376,4708,13024
C0428,3137,8630,8436,20203
C0429,1803,5797,3199,10799
C0430,3673,13766,4255,21694
C0432,4431,13799,9938,28168
C0433,2412,6280,5434,14126
C0435,2222,6810,4795,13827
C0436,1669,4964,4121,10754
C0440,5278,18720,8996,32994
C0441,2507,6800,6794,16101
C0444,5229,10961,18386,34576
C0445,1269,3029,3710,8008
C0448,1647,2916,6415,10978
C0449,1517,2737,5496,9750
C0451,1934,4191,6500,12625
C0452,2395,4357,8844,15596
C0453,1976,3897,6117,11990
C0457,1989,5057,5832,12878
C0458,1796,3915,4978,10689
C0459,2652,4918,9707,17277
C0460,1280,3035,3886,8201
C0461,1842,5446,4108,11396
C0462,1610,4824,3567,10001
C0463,2672,7368,6819,16859
C0465,3639,9896,9946,23481
C0466,2951,6968,8768,18687
C0469,2071,7422,3515,13008
C0470,3317,4700,12836,20853
C0471,2282,5733,6527,14542
C0473,3643,7419,11784,22846
C0481,2061,6369,4979,13409
C0485,1158,2869,3084,7111
C0486,1699,4480,4843,11022
C0491,5534,16195,13696,35425
C0492,4779,12065,13769,30613
C0500,788,1739,2587,5114
C0521,1766,3690,6028,11484
C0523,904,1982,2824,5710
C0525,1931,4072,6385,12388
C0526,1838,3458,6585,11881
C0528,2622,6173,8142,16937
C0530,2480,6499,6695,15674
C0534,3154,9972,6720,19846
C0536,2315,7024,5638,14977
C0537,1298,3920,3061,8279
C0538,3965,11397,10131,25493
C0539,3319,8991,8730,21040
C0541,1621,3554,5266,10441
C0542,1698,3596,5969,11263
C0543,869,2235,2469,5573
C0544,3457,10155,7964,21576
C0545,1788,4492,4914,11194
C0546,2704,7790,6563,17057
C0548,1843,3955,6062,11860
C0550,2005,6455,4300,12760
C0552,2793,8231,6741,17765
C0553,2956,8858,6645,18459
C0554,5261,19740,6317,31318
C0601,4347,9556,13662,27565
C0602,2810,8044,7274,18128
C0603,6265,19388,13918,39571
C0604,5874,16392,14699,36965
C0605,4312,11771,11361,27444
C0609,2332,5880,6596,14808
C0613,3192,7343,8971,19506
C0616,1553,3169,5018,9740
C0617,4178,10973,12098,27249
C0619,3040,9153,7277,19470
C0621,2261,5137,6731,14129
C0624,3205,7577,10130,20912
C0625,1743,4554,4613,10910
C0629,2674,7453,7046,17173
C0631,2585,6700,6555,15840
C0633,3033,6406,9953,19392
C0634,6269,21375,11582,39226
C0635,4694,9335,15776,29805
C0636,5055,15616,11747,32418
C0637,4417,11159,12466,28042
C0638,4555,13212,10536,28303
C0640,9212,15096,31072,55380
C0643,3920,11572,9867,25359
C0645,6053,19464,12681,38198
C0646,1600,5046,3414,10060
C0647,3770,6810,12291,22871
C0649,4205,10610,12140,26955
C0650,3288,8947,8355,20590
C0651,4780,15508,5967,26255
C0653,2257,5975,6039,14271
C0655,2715,5630,8749,17094
C0656,1087,2451,3469,7007
C0657,4137,11343,10750,26230
C0659,1266,2819,3938,8023
C0663,2350,7656,4095,14101
C0664,4679,5341,16529,26549
C0665,4230,8932,14348,27510
C0666,4664,17337,6671,28672
C0670,2094,6070,5167,13331
C0676,2535,8825,4638,15998
C0680,1733,5234,3533,10500
C0681,5626,21125,5836,32587
C0682,2707,7308,7553,17568
C0683,5357,13538,14910,33805
C0685,1304,3007,4144,8455
C0688,2895,7277,8579,18751
C0689,6118,16756,14807,37681
C0690,1198,3644,2730,7572
C0692,3208,9849,7003,20060
C0693,2741,8256,5921,16918
C0695,1328,4088,2762,8178
C0697,6654,23783,8611,39048
C0698,6555,15390,20141,42086
C0699,2125,6853,4465,13443
C0701,4013,9975,11381,25369
C0702,4772,5632,20397,30801
C0703,2871,7313,8348,18532
C0704,2288,5491,6863,14642
C0705,5499,16544,12751,34794
C0706,3524,9409,9597,22530
C0707,945,2681,2232,5858
C0709,1544,3969,4097,9610
C0711,2344,6142,6411,14897
C0713,5799,18193,12748,36740
C0714,1772,6816,2830,11418
C0715,2884,10032,5632,18548
C0716,3067,9602,6896,19565
C0718,4863,15301,10396,30560
C0720,1901,4641,5692,12234
C0721,3483,8766,10270,22519
C0723,2625,6276,8221,17122
C0724,2724,7260,7460,17444
C0726,3628,13519,4667,21814
C0727,2369,3036,9296,14701
C0728,1810,3876,5837,11523
C0729,3159,8494,8381,20034
C0733,3627,11443,8027,23097
C0734,2381,4965,7964,15310
C0735,5086,18203,8740,32029
C0738,3273,8466,8506,20245
C0740,2327,6322,5362,14011
C0741,1333,3253,4010,8596
C0742,1158,4088,1881,7127
C0743,5523,17448,10877,33848
C0744,5686,16322,13771,35779
C0746,2556,8633,5334,16523
C0749,2470,5861,7560,15891
C0751,3159,6527,11190,20876
C0752,2633,6878,7487,16998
C0753,2507,7494,4981,14982
C0754,3611,6722,11554,21887
C0755,3379,11425,3565,18369
C0756,2833,7517,5974,16324
C0757,2182,6442,4957,13581
C0759,2872,9617,5608,18097
C0760,3574,10630,8610,22814
C0761,1248,3523,2951,7722
C0765,1482,4655,2468,8605
C0767,1960,5671,3622,11253
C0768,4100,11250,10613,25963
C0770,3120,8498,8315,19933
C0771,4591,15929,8137,28657
C0772,1939,4460,6157,12556
C0773,2167,4247,7763,14177
C0774,2015,5315,4998,12328
C0775,1711,5480,3697,10888
C0777,4198,12434,9790,26422
C0780,5532,18577,10604,34713
C0781,2301,6565,5384,14250
C0782,4348,5576,18449,28373
C0783,2022,4896,6143,13061
C0785,3837,12048,8281,24166
C0786,3679,4753,14422,22854
C0788,3357,8973,8994,21324
C0789,2179,8102,3686,13967
C0790,2529,7977,5436,15942
C0791,3158,9935,6692,19785
C0792,2852,8549,6423,17824
C0793,6342,23061,8639,38042
C0794,4144,7471,14191,25806
C0795,3781,11382,5949,21112
C0797,1685,2524,5743,9952
C0798,2138,5124,6210,13472
C0799,3823,10674,10049,24546
C0800,2058,6876,3981,12915
C0801,3501,5793,13088,22382
C0802,6383,18584,15380,40347
C0803,5824,7888,23776,37488
C0806,5278,16120,11985,33383
C0807,8131,28269,13785,50185
C0808,1551,4507,3767,9825
C0812,3360,9331,8761,21452
C0814,5403,14085,15398,34886
C0816,3191,10364,6564,20119
C0817,7491,12816,26991,47298
C0818,4270,10487,13024,27781
C0819,8993,28962,18709,56664
C0820,4614,15190,7598,27402
C0821,3989,10276,11038,25303
C0822,4637,11616,12551,28804
C0823,2550,6509,4766,13825
C0824,2421,6588,6340,15349
C0825,2540,7446,6040,16026
C0827,7061,22532,14878,44471
C0828,3770,15124,4816,23710
C0830,2441,5980,6949,15370
C0834,2142,6853,4492,13487
C0835,5248,15987,11847,33082
C0836,4175,14815,7065,26055
C0839,3432,11401,4308,19141
C0840,6006,19001,12937,37944
C0843,1790,3716,6078,11584
C0844,2890,7424,8248,18562
C0846,4107,12621,9848,26576
C0847,1182,2266,4184,7632
C0849,2529,7863,5710,16102
C0850,1132,3947,1916,6995
C0851,1574,3408,5082,10064
C0852,3021,11956,3453,18430
C0853,1972,6842,3880,12694
C0854,1898,5168,4312,11378
C0855,3251,10819,4685,18755
C0856,4781,12428,13099,30308
C0860,2224,5594,6395,14213
C0861,3448,10456,7964,21868
C0862,2319,6621,5662,14602
C0863,874,2114,2753,5741
C0866,3555,10248,8845,22648
C0867,1044,2511,3053,6608
C0869,5479,20450,8373,34302
C0870,7038,19382,18584,45004
C0871,2643,6069,8117,16829
C0872,1123,2501,3637,7261
C0878,5437,17074,11507,34018
C0900,3053,5692,11295,20040
C0906,4998,17128,9183,31309
C0907,3066,9050,7629,19745
C0908,3670,10447,9438,23555
C0909,2408,6692,5728,14828
C0910,4189,14046,4430,22665
C0912,3729,9046,13262,26037
C0913,2177,6721,4443,13341
C0914,3168,8210,8936,20314
C0915,3685,10147,9396,23228
C0916,2494,6905,6434,15833
C0917,7106,24372,12841,44319
C0919,5601,15869,13739,35209
C0920,2796,9884,4911,17591
C0921,2244,6042,5810,14096
C0925,1872,5034,4460,11366
C0929,5077,16056,11942,33075
C0930,3391,9370,8825,21586
C0933,2382,7020,5415,14817
C0934,900,2441,2027,5368
C0935,7147,19029,18272,44448
C0937,5389,9380,18731,33500
C0943,4634,11611,13056,29301
C0944,2662,7191,7032,16885
C0945,2251,7487,4555,14293
C0946,2459,5970,7487,15916
C0947,5465,19905,9908,35278
C0948,3888,12303,8466,24657
C0950,3831,10288,8504,22623
C0951,4437,14853,4366,23656
C0952,1929,6029,4295,12253
C0954,805,2768,1576,5149
C0956,2664,8841,3861,15366
C0957,6203,19649,13280,39132
C0958,2615,8360,6569,17544
C0959,1551,5440,2863,9854
C0960,2006,5055,5721,12782
C0961,3024,8042,8146,19212
C0962,4103,11878,10253,26234
C0966,7742,32629,1440,41811
C0969,3241,9442,7673,20356
C0972,2712,7493,6420,16625
C0974,3822,10982,7539,22343
C0977,2697,7283,7056,17036
C0978,5097,15626,11349,32072
C0981,3112,9081,7496,19689
C0982,3949,11712,9419,25080
C0983,1644,5094,3479,10217
C0984,4690,12886,12414,29990
C0991,2388,5972,7172,15532
C0993,2131,4656,7119,13906
C0995,2662,6924,7484,17070
C0996,2642,7258,6790,16690
C0998,4096,7607,14568,26271
C0999,5700,14209,16422,36331
C1002,1156,2625,3312,7093
C1003,2003,6028,4821,12852
C1006,2830,7956,7539,18325
C1008,2829,6351,9278,18458
C1010,4356,13787,9437,27580
C1012,3606,9179,9771,22556
C1015,830,1876,2620,5326
C1016,4694,12715,12568,29977
C1018,1402,4056,3361,8819
C1020,2520,6642,6921,16083
C1021,1623,4117,4547,10287
C1022,1395,3716,3736,8847
C1023,3692,9683,10168,23543
C1024,3085,7788,8881,19754
C1027,2006,5291,5473,12770
C1030,2193,5845,6267,14305
C1032,1430,3904,3610,8944
C1034,2384,6466,5274,14124
C1035,993,2847,1950,5790
C1037,1678,3679,4828,10185
C1038,3401,6986,9338,19725
C1040,4579,13249,10827,28655
C1041,3212,7928,9577,20717
C1042,1879,4469,5196,11544
C1043,2125,6459,4505,13089
C1047,1263,3765,2989,8017
C1048,2460,11263,1081,14804
C1049,1842,5760,3910,11512
C1050,1481,5115,2509,9105
C1052,2328,6289,6647,15264
C1054,3148,8257,7855,19260
C1055,4357,11721,10807,26885
C1056,2516,7079,5339,14934
C1057,1623,4682,3994,10299
C1058,2914,7852,8000,18766
C1060,2018,5180,5817,13015
C1061,2801,6578,8581,17960
C1062,1373,4071,3528,8972
C1069,1769,4313,5232,11314
C1072,6800,18151,18088,43039
C1073,3633,9762,10036,23431
C1077,1821,3365,6742,11928
C1079,2419,5140,8144,15703
C1080,5987,18126,13672,37785
C1082,3678,11794,7277,22749
C1084,1982,4389,6711,13082
C1085,2914,8711,7339,18964
C1089,827,2144,2383,5354
C1091,2109,5304,5716,13129
C1092,4064,11809,9661,25534
C1094,2185,5121,6671,13977
C1095,6082,21775,10335,38192
C1096,6622,18199,13061,37882
C1097,1114,2707,3395,7216
C1098,1957,5729,4456,12142
C1099,2488,6367,6451,15306
C1100,3167,7917,8446,19530
C1101,1790,4294,5650,11734
C1113,3390,10701,7089,21180
C1118,1744,5503,13071,20318
C1121,1988,6317,2874,11179
C1126,4356,14001,8690,27047
C1128,3943,9406,10979,24328
C1129,3241,9667,7805,20713
C1131,924,2145,2900,5969
C1132,1931,4466,5525,11922
C1138,802,1549,2700,5051
C1139,1065,2261,3095,6421
C1140,1733,4764,4499,10996
C1148,1056,2646,2906,6608
C1149,1863,4696,5332,11891
C1156,879,2675,1842,5396
C1158,3291,8372,7732,19395
C1162,2926,5900,10478,19304
C1163,874,2115,2431,5420
C1164,1137,3660,2650,7447
C1165,1935,5687,4525,12147
C1170,2931,10348,4877,18156
C1172,2877,6366,9505,18748
C1175,1781,4058,5428,11267
C1177,6942,22906,12150,41998
C1201,3653,11424,7774,22851
C1203,2763,8285,5863,16911
C1204,3132,9493,7017,19642
C1205,3572,7622,11672,22866
C1206,1403,4751,3027,9181
C1208,6785,20592,14633,42010
C1209,3757,10637,9081,23475
C1211,2233,7569,4448,14250
C1214,4763,14418,10492,29673
C1215,818,1557,2949,5324
C1221,8790,32192,13448,54430
C1223,4302,12354,10359,27015
C1251,2571,7657,6131,16359
C1252,4110,10717,9944,24771
C1253,5344,19052,9156,33552
C1255,3126,8279,7205,18610
C1256,3689,10653,8999,23341
C1257,5693,17070,13501,36264
C1258,3416,9435,7107,19958
C1263,4127,10765,11604,26496
C1264,3343,9942,8069,21354
C1265,1725,5254,2835,9814
C1267,1833,4117,5137,11087
C1269,2913,5759,10188,18860
C1270,3393,8904,9607,21904
C1271,2821,9206,2562,14589
C1272,4216,12371,9922,26509
C1274,1880,5996,3914,11790
C1276,1959,3181,7799,12939
C1280,2220,5178,6720,14118
C1339,4462,18019,5882,28363
C1342,2842,7454,7353,17649
C1343,3054,8399,7857,19310
C1345,2336,5274,5842,13452
C1346,2428,6704,6142,15274
C1347,1230,3015,3583,7828
C1348,2151,6189,4966,13306
C1349,3425,9439,8951,21815
C1350,1610,4482,4332,10424
C1351,5842,19534,11075,36451
C1352,1516,4190,3783,9489
C1354,2512,8158,5428,16098
C1355,1971,5196,4598,11765
C1356,1555,5554,2639,9748
C1358,1205,4384,1697,7286
C1360,3168,7566,9087,19821
C1362,2601,6568,7010,16179
C1363,3159,8696,7892,19747
C1364,3276,5448,11042,19766
C1365,1678,5257,3557,10492
C1367,1089,2594,2780,6463
C1369,2941,7632,8207,18780
C1371,1391,4052,3444,8887
C1372,1081,1645,4331,7057
C1377,863,2069,2549,5481
C1378,1138,2510,3721,7369
C1379,2131,6673,4538,13342
C1380,1836,4625,5079,11540
C1382,2234,5271,5937,13442
C1384,1367,4002,3326,8695
C1387,1121,2573,3362,7056
C1388,2986,8195,7572,18753
C1399,1786,3581,6156,11523
C1402,1050,3319,1946,6315
C1406,2661,9656,3552,15869
C1408,1389,3113,4522,9024
C1418,1362,3104,4199,8665
C1420,1676,2470,6587,10733
C1422,6150,16651,15904,38705
C1424,5602,22143,4392,32137
C1425,3959,13023,6483,23465
C1426,2721,7636,7045,17402
C1427,3428,14650,2521,20599
C1429,1528,4176,3753,9457
C1431,5185,19130,7829,32144
C1434,2682,9397,3907,15986
C1443,2201,6550,5319,14070
C1444,1586,3978,4704,10268
C1445,2112,3029,7278,12419
C1446,1587,3870,4864,10321
C1447,2455,6606,6664,15725
C1448,2865,6220,9672,18757
C1450,964,2518,2719,6201
C1451,1838,4989,4823,11650
C1453,2968,8370,7624,18962
C1454,1192,2641,3863,7696
C1455,3031,8118,8181,19330
C1457,1811,6534,3131,11476
C1460,2312,5888,5190,13390
C1461,4963,15178,10851,30992
C1462,2516,8634,4610,15760
C1464,1647,5274,3534,10455
C1465,1060,2405,3041,6506
C1467,4755,14518,11178,30451
C1470,1006,2937,2508,6451
C1472,2728,7901,6693,17322
C1474,1940,4764,5321,12025
C1475,6078,14578,18358,39014
C1477,1833,6889,2731,11453
C1478,5067,16194,8580,29841
C1479,1419,3495,2939,7853
C1480,1605,4315,4467,10387
C1486,2099,5223,5773,13095
C1489,2089,5891,3523,11503
C1491,3621,12978,6261,22860
C1496,2191,8580,2794,13565
C1500,2161,6419,5203,13783
C1502,946,2996,2128,6070
C1504,1093,3172,2585,6850
C1507,1912,5155,5152,12219
C1510,2056,5071,6206,13333
C1511,2499,11188,1702,15389
C1512,2485,2600,10516,15601
C1513,2836,7610,7350,17796
C1514,2346,6786,5535,14667
C1515,1157,2703,3406,7266
C1516,1736,3632,5261,10629
C1517,2199,3420,7810,13429
C1518,4115,12232,9981,26328
C1519,1411,3455,4061,8927
C1523,5773,18418,12550,36741
C1526,3217,10110,6412,19739
C1527,1771,5206,4288,11265
C1529,2075,5186,5922,13183
C1530,2069,5969,5056,13094
C1531,2041,4603,6641,13285
C1532,644,6515,4619,11778
C1533,996,2457,2753,6206
C1536,5101,11307,17125,33533
C1542,1870,5796,3081,10747
C1547,2537,6725,6768,16030
C1550,1854,6044,3074,10972
C1556,3829,12515,7716,24060
C1560,3595,9043,10698,23336
C1562,831,2683,1980,5494
C1565,2086,4137,7442,13665
C1566,2379,6509,6172,15060
C1567,1614,3793,4988,10395
C1568,1906,5797,3681,11384
C1571,3514,8496,10304,22314
C1572,829,2083,2446,5358
C1573,4093,10217,11719,26029
C1575,2428,6845,6398,15671
C1576,1643,5832,2744,10219
C1577,1717,2880,6679,11276
C1578,1419,2696,4799,8914
C1580,1388,3201,4377,8966
C1587,1501,2849,4678,9028
C1595,2269,6928,5145,14342
C1596,1143,2348,3743,7234
C1599,1460,3780,4052,9292
C1601,3096,5459,10955,19510
C1602,4544,16806,6934,28284
C1604,4215,12413,7652,24280
C1605,1601,3659,3685,8945
C1607,2736,9380,3444,15560
C1608,3238,9311,6969,19518
C1609,1826,4464,4545,10835
C1610,4782,16956,7903,29641
C1612,3605,10309,8534,22448
C1614,3325,10963,5980,20268
C1615,1486,4142,3903,9531
C1616,3131,9587,6760,19478
C1617,1324,3994,2973,8291
C1618,1994,4830,6062,12886
C1619,2033,5364,4117,11514
C1620,764,2574,2939,6277
C1621,1490,2922,5266,9678
C1622,1246,3435,3355,8036
C1623,2443,8806,3454,14703
C1624,2158,6676,4863,13697
C1625,1720,5491,3804,11015
C1631,1881,4858,5219,11958
C1632,3345,11558,6477,21380
C1633,3703,11994,3962,19659
C1634,1721,4361,5015,11097
C1636,2359,5943,6562,14864
C1637,1950,2474,7240,11664
C1639,2512,7379,5900,15791
C1641,2480,6657,7059,16196
C1642,1011,2574,2835,6420
C1643,3916,5309,15681,24906
C1644,895,2586,2297,5778
C1645,420,964,6593,7977
C1646,2507,6347,7091,15945
C1647,2850,8683,5134,16667
C1648,2112,6404,4173,12689
C1649,1977,4896,5972,12845
C1653,921,2999,1777,5697
C1654,1384,4882,8061,14327
C1655,3624,9536,10127,23287
C1657,3743,10495,9637,23875
C1659,1267,2799,4057,8123
C1660,3437,7931,10662,22030
C1661,2922,7893,7803,18618
C1662,1541,4127,4237,9905
C1663,832,2370,2130,5332
C1664,1083,2785,3048,6916
C1665,3155,7076,9239,19470
C1666,2136,4056,7721,13913
C1667,1428,4693,2756,8877
C1668,1988,4368,6207,12563
C1669,2204,4910,7053,14167
C1670,2158,6634,4966,13758
C1673,2931,10290,4478,17699
C1674,1153,3120,3274,7547
C1675,1660,4864,3900,10424
C1676,1065,2924,2934,6923
C1677,1380,3899,3505,8784
C1678,2113,6069,4287,12469
C1679,1811,4441,5332,11584
C1680,886,1433,3261,5580
C1681,4797,15204,10145,30146
C1682,3048,9011,7296,19355
C1683,2619,6231,8142,16992
C1686,4001,15399,5667,25067
C1687,2252,5055,7090,14397
C1688,2185,7295,2255,11735
C1689,1915,4763,5545,12223
C1690,2357,6333,6127,14817
C1691,2328,8699,2736,13763
C1692,3473,10648,7894,22015
C1694,2408,5754,6782,14944
C1696,1715,5525,2643,9883
C1697,3095,5147,11030,19272
C1700,1137,2664,3464,7265
C1703,1242,2847,3838,7927
C1704,1849,5159,4945,11953
C1706,2969,9477,6714,19160
C1708,3292,12559,4810,20661
C1709,2542,7511,6085,16138
C1712,1187,2645,3924,7756
C1713,1733,4357,4751,10841
C1715,2816,9966,4898,17680
C1717,1475,3958,3623,9056
C1719,1745,5998,3339,11082
C1722,2576,7343,6621,16540
C1723,1875,5043,3424,10342
C1724,1043,2360,3398,6801
C1725,1500,5179,2540,9219
C1728,1290,3405,3561,8256
C1729,8680,30523,15436,54639
C1730,2368,4809,7671,14848
C1735,788,1805,2528,5121
C1750,1667,5830,2729,10226
C1751,824,2119,2484,5427
C1753,1038,3271,2213,6522
C1756,1461,4747,3018,9226
C1758,987,2341,3206,6534
C1761,1350,3407,3732,8489
C1762,968,2363,2997,6328
C1770,872,2173,2528,5573
C1771,1123,2962,3133,7218
C1772,1406,3199,4489,9094
C1775,61,7625,-61,7625
C1776,2033,5917,5049,12999
C1781,2909,6871,9409,19189
C1782,1552,4622,3157,9331
C1787,921,2602,3148,6671
C1789,1401,3561,3532,8494
C1790,2079,5788,5232,13099
C1792,1270,2258,4188,7716
C1801,3604,10865,8724,23193
C1804,2312,6415,6201,14928
C1805,2739,9105,4270,16114
C1806,1018,2910,1796,5724
C1808,1358,4046,2927,8331
C1810,1075,2197,3573,6845
C1811,3518,10432,8526,22476
C1813,1172,3055,3026,7253
C1814,4688,12138,11218,28044
C1815,2641,7935,6142,16718
C1816,1509,4941,2934,9384
C1817,4158,11876,10054,26088
C1818,2967,6768,9458,19193
C1819,2061,6359,4251,12671
C1820,1816,5127,3848,10791
C1821,2493,5180,7477,15150
C1823,1862,7083,2650,11595
C1824,1603,4024,4160,9787
C1825,1138,2873,2787,6798
C1826,991,3073,1764,5828
C1827,1155,2947,3130,7232
C1828,1830,5877,3808,11515
C1829,1460,3922,3542,8924
C1830,2574,9730,3749,16053
C1831,1876,4669,5387,11932
C1832,3259,9045,6895,19199
C1833,2441,5344,7789,15574
C1834,4204,16270,5907,26381
C1835,1191,3765,2557,7513
C1836,1478,4067,3973,9518
C1837,2968,7964,7163,18095
C1838,1635,3582,4618,9835
C1839,3773,13089,4673,21535
C1840,1900,4344,6075,12319
C1841,4036,14432,6850,25318
C1842,3551,10285,8961,22797
C1843,1251,3524,3133,7908
C1844,2305,2042,9661,14008
C1845,3691,9101,11066,23858
C1846,4933,15177,8249,28359
C1847,2577,6695,7034,16306
C1848,2170,5781,5785,13736
C1849,2215,7602,4027,13844
C1850,3090,10678,5837,19605
C1851,1398,2473,5307,9178
C1853,3864,14366,5198,23428
C1854,917,2359,2626,5902
C1856,970,2984,2171,6125
C1857,4299,12249,10695,27243
C1863,1344,3450,3792,8586
C1871,1674,4328,3870,9872
C1873,2332,8973,2968,14273
C1874,2548,5218,8800,16566
C1876,2045,6811,3959,12815
C1879,3934,10456,10746,25136
C1883,1050,2578,2819,6447
C1884,977,3350,1869,6196
C1885,4910,11448,15095,31453
C1890,1269,4457,1718,7444
C1892,3893,12724,8371,24988
C1893,4002,11528,8000,23530
C1900,1219,4233,2020,7472
C1901,1384,3193,4538,9115
C1902,1081,2836,2985,6902
C1903,1595,4674,3770,10039
C1907,1041,2161,3545,6747
C1909,1541,4440,3420,9401
C1910,1039,2590,3108,6737
C1914,1183,2438,4072,7693
C1923,5104,13474,11306,29884
C1924,1193,2675,3760,7628
C1926,2034,7083,3328,12445
C1927,2443,5016,8434,15893
C1928,3680,8399,11874,23953
C1930,3004,7158,9110,19272
C1932,2113,5941,5413,13467
C1933,3063,9260,6861,19184
C1934,2226,5726,5640,13592
C1935,1388,2662,4971,9021
C1937,2476,4002,9707,16185
C1939,1015,2665,2902,6582
C1945,1200,3050,3362,7612
C1946,3450,8186,10191,21827
C1947,824,1597,2912,5333
C1951,910,2602,1643,5155
C1953,1958,4979,4846,11783
C1954,2498,6449,6789,15736
C1955,2456,5269,8402,16127
C1959,1087,3165,1780,6032
C1960,3048,6816,9835,19699
C1961,4002,11545,8271,23818
C1965,1079,3190,2344,6613
C1967,926,1868,2788,5582
C1968,1122,2376,3690,7188
C1969,1255,3286,3583,8124
C2547,1212,3848,2406,7466
C2694,819,2408,2075,5302
C2735,900,1424,3618,5942
C2836,2177,6618,4466,13261
C2886,1036,3529,1889,6454
C2887,1306,4105,2763,8174
C2888,1055,3540,1912,6507
C3030,1347,4371,2461,8179
C3031,879,2382,2071,5332
C3036,1015,3664,1489,6168
C3038,1425,5076,2323,8824
C3039,1424,4982,2554,8960
C3073,4417,12891,10197,27505
C3074,1340,4507,2088,7935
C3075,1557,4584,2083,8224
C3078,1874,6230,1717,9821
C3089,1164,3758,2145,7067
C3092,1197,3285,2856,7338
C3117,1302,1906,4079,7287
C3129,1632,6665,1643,9940
C3159,807,2527,1685,5019
C3277,568,5862,4560,10990
C3278,1986,4244,5858,12088
C3279,1454,4944,2683,9081
C3280,1740,6212,2911,10863
C3319,944,2815,2063,5822
C3323,2135,10098,1124,13357
C3399,1374,4095,3143,8612
C3405,1089,3716,1923,6728
C3406,1024,3306,1933,6263
C3408,850,2015,2532,5397
C4038,935,1430,3759,6124
C4331,812,1314,3234,5360
C4581,860,1440,3292,5592
C5063,778,2102,2162,5042
C5262,1573,4773,3550,9896
C5349,889,1700,3247,5836
C5568,863,2059,2526,5448
C5569,996,3454,1861,6311
C5571,878,2456,2422,5756
C5579,1126,3391,2756,7273
C5592,1275,2379,4629,8283
C5610,1188,3048,3505,7741
C5618,1441,2025,9624,13090
C5622,1155,3781,2475,7411
C5702,2580,10519,2205,15304
C5703,1350,5387,890,7627
C5704,2800,9007,5517,17324
C5705,990,1905,2779,5674
C5710,1894,7128,5183,14205
C5711,721,3325,2516,6562
C5712,1074,2967,5314,9355
C5716,1038,2891,2562,6491
C5722,1072,2387,3149,6608
C5723,1197,2077,4168,7442
C5724,1340,4039,2996,8375
C5725,942,3307,1647,5896
c5726,2199,7305,4054,13558
C5727,1546,5633,2260,9439
C5728,1419,5481,1380,8280
C5729,2385,9575,1923,13883
C5731,2162,5593,5186,12941
C5732,1941,7753,2022,11716
C5733,983,3554,1611,6148
C5734,922,3384,1350,5656
C5736,1784,6771,2073,10628
C5738,1086,1807,3853,6746
C5739,958,3898,1102,5958
C5740,1032,3503,1385,5920
C5742,973,3863,918,5754
C5749,3618,14066,4161,21845
C5750,3242,10426,5777,19445
C5751,1200,3486,2512,7198
C5752,1672,6594,1664,9930
C5753,1178,4667,1359,7204
C5754,2273,7946,3953,14172
C5755,1729,6154,2740,10623
C5756,1376,5700,1334,8410
C5757,1002,3894,946,5842
C5765,1311,4094,2627,8032
C5766,1580,4691,3361,9632
C5768,1088,3890,1839,6817
C5770,1460,4451,3045,8956
C5771,812,3551,786,5149
C5772,1628,6388,1994,10010
C5773,1027,3434,2012,6473
C5775,1072,3403,2280,6755
C5777,1083,2781,2652,6516
C5789,2172,6048,5381,13601
C5791,1517,3178,4354,9049
C5792,529,5091,1995,7615
C5793,2163,4015,6788,12966
C5794,1142,3573,2038,6753
C5796,2086,7595,2595,12276
C5797,1418,5199,1945,8562
C5798,2282,9340,2313,13935
C5818,2306,6760,5248,14314
C5835,2133,5271,6162,13566
C5836,1496,4099,3919,9514
C5837,1215,3761,2642,7618
C5838,1108,2972,2856,6936
C5839,2691,7795,6630,17116
C5840,1546,4796,3340,9682
C5918,1074,3111,2432,6617
C5986,1542,4096,4343,9981
C6055,1490,2274,5834,9598
C6154,1216,2784,3618,7618
C6186,937,1465,4466,6868
C6203,852,1602,3250,5704
C6350,1271,1912,4905,8088
C6357,952,2888,2038,5878
C6359,1090,4712,1084,6886
C8001,3076,6918,9064,19058
C8006,2082,4824,6510,13416
C8007,1473,4789,3101,9363
C8010,1685,4931,4157,10773
C8011,3264,10076,7269,20609
C8015,2806,6476,8866,18148
C8016,1075,2899,10312,14286
C8017,1342,3069,4289,8700
C8018,785,1768,2548,5101
C8019,919,2333,2586,5838
C8021,994,2748,2663,6405
C8023,1749,2022,7601,11372
C8025,1653,3346,5606,10605
C8027,975,2383,2144,5502
C8029,1359,3538,3850,8747
C8034,3044,8084,8279,19407
C8043,5077,14002,12965,32044
C8045,1793,3893,6009,11695
C8047,1335,3550,3144,8029
C8048,2718,7135,5647,15500
C8049,1235,4387,2092,7714
C8051,1566,3753,4855,10174
C8055,1532,3679,4444,9655
C8056,1794,5958,3776,11528
C8057,3714,9819,10162,23695
C8058,2321,7089,4776,14186
C8059,2967,9330,5495,17792
C8062,2077,5547,4375,11999
C8063,2531,7295,5548,15374
C8068,1816,3846,6323,11985
C8069,1778,5068,4416,11262
C8070,3067,8637,4724,16428
C8071,2097,6765,3557,12419
C8072,1902,2727,6879,11508
C8073,5985,16878,10469,33332
C8075,1985,5650,3832,11467
C8076,1746,4361,4988,11095
C8078,6143,12741,19481,38365
C8079,1369,4336,1967,7672
C8080,1177,3653,3085,7915
C8081,4149,10763,11427,26339
C8082,6987,21012,15906,43905
C8083,1429,4557,2948,8934
C8084,1609,4346,4302,10257
C8085,2289,6807,4906,14002
C8087,1072,3308,2229,6609
C8090,3012,9269,6793,19074
C8091,2722,8820,4349,15891
C8093,2178,6372,5259,13809
C8094,829,1265,3252,5346
C8095,1290,3130,3641,8061
C8096,2667,7474,6702,16843
C8097,1818,4814,4697,11329
C8099,853,2165,2191,5209
C8100,1417,4207,3322,8946
C8101,3163,6899,10538,20600
C8102,3113,10478,4077,17668
C8106,2112,5368,6089,13569
C8107,5678,17442,12571,35691
C8115,2197,5940,5690,13827
C8116,812,2529,1771,5112
C8117,1690,5733,3068,10491
C8118,2021,5844,4743,12608
C8119,878,1781,2987,5646
C8121,1282,3562,3269,8113
C8122,1397,3286,3814,8497
C8127,3214,10446,6541,20201
C8128,1371,3314,4309,8994
C8139,2078,4518,6283,12879
C8146,1242,3688,2173,7103
C8149,843,2359,2241,5443
C8150,1947,6973,3315,12235
C8151,1578,2328,6196,10102
C8152,1355,2696,4719,8770
C8153,1363,3879,3314,8556
C8155,2884,8365,7181,18430
C8156,2132,5988,5349,13469
C8157,3932,10524,10782,25238
C8158,1119,2869,3101,7089
C8167,1297,4139,2330,7766
C8171,1276,3146,3861,8283
C8172,1156,2956,3200,7312
C8173,1518,4778,3013,9309
C8175,1224,2529,4218,7971
C8177,1680,4774,3256,9710
C8187,2696,7235,7337,17268
C8190,1348,3560,3797,8705
C8193,4332,11231,12016,27579
C8194,2302,6371,5798,14471
C8195,1920,5505,4725,12150
C8198,1550,4424,3731,9705
C8200,1774,6056,3367,11197
C8201,978,2221,2944,6143
C8204,1514,3149,4479,9142
C8205,1512,4157,4048,9717
C8217,1261,3905,2928,8094
C8218,882,2828,1759,5469
C8223,1223,3048,3459,7730
C8225,1285,3414,3609,8308
C8227,3102,8423,8581,20106
C8228,2612,8064,6214,16890
C8229,1058,1739,3811,6608
C8230,1921,5921,4452,12294
C8236,1288,3168,3399,7855
C8237,1053,2091,3254,6398
C8241,1244,3028,3604,7876
C8243,4081,11440,10344,25865
C8244,926,1168,3696,5790
C8245,1602,4082,4266,9950
C8246,2153,6642,3912,12707
C8259,1933,4920,5447,12300
C8274,1810,5468,3046,10324
C8275,2926,9104,6388,18418
C8277,875,2356,2448,5679
C8280,1235,3063,3670,7968
C8281,986,2513,2767,6266
C8286,1062,2895,3088,7045
C8287,1197,3310,2632,7139
C8290,2404,6190,7015,15609
C8294,3332,10746,7065,21143
C8295,2392,6594,6643,15629
C8298,2770,6751,8301,17822
C8299,3880,12826,7571,24277
C8301,1841,5993,3616,11450
C8304,1670,2489,6656,10815
C8305,3803,9024,12003,24830
C8306,3569,9838,9596,23003
C8310,3406,5832,13025,22263
C8311,1396,2470,5002,8868
C8312,1225,2954,3680,7859
C8313,3352,9335,6427,19114
C8314,1079,2304,3523,6906
C8317,4616,15281,9642,29539
C8318,1467,3043,4489,8999
C8319,3590,10679,6819,21088
C8320,1359,2356,4914,8629
C8321,3959,12499,8747,25205
C8323,1166,2118,4259,7543
C8324,1488,3958,3474,8920
C8327,2893,7997,5759,16649
C8329,1597,3528,5177,10302
C8330,1248,4232,2458,7938
C8331,2331,6540,6082,14953
C8332,1643,4362,3112,9117
C8333,2441,5641,7407,15489
C8337,3808,13279,4555,21642
C8339,2121,6307,4084,12512
C8340,2553,3740,9929,16222
C8342,1933,5474,4814,12221
C8344,2675,10295,3133,16103
C8345,3159,8785,8252,20196
C8346,982,2451,2740,6173
C8347,4954,14060,8409,27423
C8348,1548,3821,4801,10170
C8350,1203,3486,2424,7113
C8351,2433,7815,5238,15486
C8352,2712,8228,6032,16972
C8354,2914,8116,7574,18604
C8355,1502,3222,4473,9197
C8356,3133,9933,6660,19726
C8358,2814,8582,5049,16445
C8360,1754,5124,4262,11140
C8361,2374,7045,5765,15184
C8363,2573,8824,2664,14061
C8364,5055,14721,11179,30955
C8365,3702,11357,8078,23137
C8368,3672,11785,7793,23250
C8371,1393,3567,3943,8903
C8372,2476,8099,4030,14605
C8378,5259,16679,11189,33127
C8380,2309,7677,3718,13704
C8383,2294,6604,5606,14504
C8384,3889,12735,7917,24541
C8385,4213,9921,12857,26991
C8388,2543,6718,4722,13983
C8389,4573,13588,11591,29752
C8390,1457,3191,4836,9484
C8391,3455,9931,8847,22233
C8392,2059,5370,5585,13014
C8393,1948,5764,4837,12549
C8394,1599,4289,4489,10377
C8395,2242,6219,6004,14465
C8396,4448,13217,11089,28754
C8398,1749,5268,4310,11327
C8402,1517,4251,3891,9659
C8403,1922,6314,3376,11612
C8405,1380,2986,3889,8255
C8406,1535,4694,2852,9081
C8408,1664,6899,2001,10564
C8409,1232,3132,3643,8007
C8410,1136,1969,3632,6737
C8411,3324,9018,8787,21129
C8412,2065,6027,5279,13371
C8413,1221,4812,1637,7670
C8415,4392,12715,11082,28189
C8423,7374,23681,15133,46188
C8438,1949,7369,2539,11857
C8457,1115,3991,1588,6694
C8461,3184,8175,9035,20394
C8463,1581,3409,4771,9761
C8465,3561,10300,5857,19718
C8466,1655,5313,3386,10354
C8471,2455,9030,3045,14530
C8489,2907,8512,7236,18655
C8492,2115,6527,3654,12296
C8504,3585,9964,9180,22729
C8505,2091,3971,6971,13033
C8506,2723,9148,5117,16988
C8509,5593,16656,12992,35241
C8532,3993,12362,8731,25086
C8536,5224,10358,17374,32956
C8538,6238,18404,14974,39616
C8539,1675,3145,6283,11103
C8540,3157,8614,8434,20205
C8554,809,1880,2717,5406
C8555,2178,7203,4472,13853
C8575,1197,3618,2829,7644
C8576,935,2592,2394,5921
C8587,2906,9397,3979,16282
C8588,843,1788,2699,5330
C8591,1543,3997,4185,9725
C8592,1902,4726,5177,11805
C8594,932,2127,2877,5936
C8601,1215,3672,2890,7777
C8608,1799,4135,5652,11586
C8609,2515,5643,8343,16501
C8610,1858,4768,5409,12035
C8611,1728,4307,4881,10916
C8612,3420,8807,9572,21799
C8614,958,1945,2858,5761
C8616,1819,4383,5465,11667
C8620,1481,4346,3532,9359
C8621,1191,3160,3318,7669
C8626,788,2067,2175,5030
C8628,1230,2109,4359,7698
C8640,3930,10611,10202,24743
C8642,798,2124,2233,5155
C8643,2697,6367,8572,17636
C8645,2681,7137,7468,17286
C8647,1199,2120,4522,7841
C8656,3813,9636,10617,24066
C8676,1443,4925,2858,9226
C8679,2155,4706,6894,13755
C8688,1775,6643,2517,10935
C8690,534,3281,2782,6597
C8695,1424,3781,3410,8615
C8705,2377,10115,1941,14433
C8712,1560,4500,3552,9612
C8715,1382,2574,5033,8989
C8719,1438,3844,3328,8610
C8721,2531,6591,6870,15992
C8722,2999,7595,7655,18249
C8723,2243,6842,4303,13388
C8725,4199,13188,9114,26501
C8734,2970,8491,7473,18934
C8735,1829,5676,4205,11710
C8741,3907,11622,9628,25157
C8742,1804,4525,4850,11179
C8746,2556,8844,4375,15775
C8754,2500,4277,8720,15497
C8755,3490,10293,8222,22005
C8784,1224,3036,3549,7809
C8788,3152,11767,5054,19973
C8789,1525,3728,4615,9868
C8792,2643,7418,7096,17157
C8886,2246,6292,5738,14276
C8890,3306,8522,9330,21158
C8892,2884,7761,7734,18379
C8893,1225,1833,4727,7785
C9028,1398,2880,4715,8993
